3 4 0 1 0 3 1 0 3 0 0 1 0 9 2 0 1 4 0 0 3 0 9 0 4
0 0 0 0 2 9 2 0 2 0 9 0 2 0 2 0 2 0 0 9 0 0 0 0 1
1 0 0 11 0 0 0 0 0 0 0 0 0 11 0 0 0 0 0 0 0 0 0 10 0
0 0 0 7 0 0 0 0 0 0 0 0 0 0 0 0 0 0 0 0 2 0 0 0 0
3 0 0 0 0 0 0 0 0 0 0 0 0 0 0 0 0 0 0 0 0 0 0 1 0
11 0 0 11 0 0 0 0 0 0 10 0 0 0 0 3 0 0 0 11 0 9 0 0 3
0 2 0 0 0 0 0 0 11 0 0 9 0 0 0 0 0 0 0 0 0 0 0 0 4
0 0 0 0 0 0 0 0 0 0 0 0 1 0 0 0 0 3 0 0 0 0 0 0 1
0 0 0 0 0 0 0 6 0 4 0 0 0 0 5 0 0 0 0 0 0 0 10 0 0
10 0 0 0 0 0 0 0 0 0 0 9 0 0 0 0 0 0 0 0 0 2 0 0 0
0 0 0 0 0 0 0 0 3 0 1 0 0 0 0 3 0 0 0 0 0 0 0 3 0
0 0 0 0 0 0 0 5 0 0 0 0 0 0 0 0 0 0 0 0 0 0 0 0 0
3 0 0 0 0 0 0 10 0 4 0 0 0 5 0 5 0 0 0 0 0 0 0 3 0
0 2 0 0 11 0 0 0 0 0 0 0 0 0 0 0 0 10 0 0 0 0 9 0 0
1 0 0 0 0 0 0 0 0 0 0 0 0 0 0 0 0 0 0 0 0 0 0 0 3
3 0 0 0 0 0 0 0 0 0 0 0 0 0 0 0 0 0 0 0 0 0 0 0 0
3 0 0 0 8 0 0 0 0 0 11 0 11 0 11 0 11 0 0 0 2 0 0 0 0
0 0 0 0 0 0 0 2 0 2 0 2 0 2 0 2 0 2 0 0 0 0 0 0 4
1 0 5 0 4 1 0 0 3 0 0 0 1 0 0 0 9 0 0 0 0 1 0 0 1
4 0 0 0 0 0 0 0 0 0 0 0 0 0 0 0 0 0 0 0 0 0 0 0 3
0 0 0 0 0 0 0 0 0 0 0 0 0 0 0 0 0 0 0 0 0 0 0 0 0
0 0 0 0 0 0 0 0 0 0 0 0 0 0 0 0 0 0 0 0 0 0 0 0 0
1 0 0 0 0 0 0 0 0 0 0 0 0 0 0 0 0 0 0 0 0 0 0 0 0
0 0 9 0 10 0 0 0 0 0 0 0 0 0 0 0 0 0 2 0 9 0 0 3 0
5 0 3 0 0 0 0 3 0 1 0 0 0 0 3 0 4 0 3 0 0 0 0 1 4


//0 nimic
//1 bloc1
//2 pom
//3 bloc2
//4 casa1
//5 casa2
//6 primarie
//7 politia
//8 banca
//9 pom1
//10 pom2
//11 banca stradala