0 0 1 4 1 3 5 1 3 4 3 1 0 0 0 0 0 0 0 0 0 0 0 0 0
0 1 0 5 5 5 5 5 5 5 5 5 4 1 3 1 3 5 1 3 5 4 1 3 1
0 4 0 2 0 2 0 2 0 2 0 0 0 0 0 0 0 0 0 0 0 0 0 0 1
0 3 0 0 0 0 0 0 0 0 0 0 0 0 0 0 0 0 0 0 0 0 0 0 3
0 1 0 2 0 0 0 0 0 0 0 0 0 0 0 0 0 0 0 0 0 0 0 0 4
0 3 0 0 0 0 0 0 0 0 0 0 0 0 0 0 0 0 0 0 0 0 0 0 1
0 5 0 2 0 0 0 0 0 0 0 0 0 0 0 0 0 0 0 0 0 0 0 0 3
0 3 0 0 0 0 0 2 0 2 0 2 0 4 0 2 0 2 0 0 0 0 0 0 5
0 1 0 2 0 0 0 0 3 0 0 0 0 0 0 0 0 0 0 0 0 0 0 1 1
0 4 0 2 0 0 0 2 1 0 0 2 0 2 0 2 0 2 0 0 0 0 0 4 0
0 3 0 0 0 0 0 0 3 0 0 0 0 0 0 0 0 0 0 0 0 0 0 1 0
0 5 0 2 0 0 0 2 1 3 5 1 3 4 1 0 0 2 0 0 0 0 0 1 1
0 3 0 0 0 0 0 0 5 0 0 1 0 0 0 0 0 0 0 0 0 0 0 0 3
0 1 0 2 0 0 0 2 0 2 0 3 0 2 0 2 0 2 0 0 0 0 0 0 1
0 5 0 0 0 0 0 0 0 0 0 1 0 0 0 0 0 0 0 0 0 0 0 0 3
0 1 0 2 0 0 0 2 0 1 3 1 5 3 1 0 0 2 0 0 0 0 0 0 1
1 1 0 0 0 0 0 0 0 0 0 0 0 0 0 0 0 0 0 0 0 0 0 0 3
4 0 0 0 0 0 0 2 0 2 0 2 0 2 0 2 0 2 0 0 0 0 0 0 1
1 0 2 0 0 0 0 0 0 0 0 0 0 0 0 0 0 0 0 0 0 0 0 3 0
3 0 2 0 0 0 0 0 0 0 0 0 0 0 0 0 0 0 0 0 0 0 0 1 0
1 5 0 0 0 0 0 0 0 0 0 0 0 0 0 0 0 0 0 0 0 0 0 3 0
3 4 0 0 0 0 4 4 0 0 0 4 0 0 0 5 0 0 0 0 0 0 0 1 0
1 5 0 0 0 0 0 0 0 0 0 0 5 4 0 0 0 0 4 4 0 0 0 3 0
0 4 5 4 5 4 5 4 4 1 3 1 0 2 0 2 0 2 0 2 0 2 0 1 0
0 1 0 0 0 0 0 0 0 0 0 0 4 1 4 1 3 5 3 1 3 1 3 1 0


//0 nimic
//1 bloc1
//2 pom
//3 bloc2
//4 casa1
//5 casa2
//6 primarie
//7 politia
//8 banca
//9 pom1
//10 pom2
//11 banca stradala